0 0.50125 0.565391 0.994167 0.795853 0.507455
0 0.62625 0.412281 0.0208333 0.0845295 0.605261
0 0.475 0.405104 0.0266667 0.0893142 0.72311
0 0.0488281 0.384259 0.0429688 0.0671296 0.287048
0 0.377604 0.701968 0.0227865 0.0520833 0.419277
0 0.719076 0.493634 0.523438 0.987269 0.458055
0 0.729329 0.55787 0.0380859 0.12037 0.480406
0 0.428548 0.630208 0.0315755 0.0891204 0.540518
0 0.273763 0.503472 0.547526 0.943287 0.698399
0 0.0528226 0.93553 0.0266129 0.0601719 0.442989
0 0.633468 0.51361 0.733065 0.964183 0.65134
0 0.214113 0.745702 0.0701613 0.219198 0.651604
0 0.0935484 0.913324 0.0241935 0.0816619 0.753047
0 0.0528226 0.93553 0.0266129 0.0601719 0.442989
0 0.633468 0.51361 0.733065 0.964183 0.65134
0 0.214113 0.745702 0.0701613 0.219198 0.651604
0 0.0935484 0.913324 0.0241935 0.0816619 0.753047
0 0.0528226 0.93553 0.0266129 0.0601719 0.442989
0 0.633468 0.51361 0.733065 0.964183 0.65134
0 0.214113 0.745702 0.0701613 0.219198 0.651604
0 0.0935484 0.913324 0.0241935 0.0816619 0.753047
0 0.311574 0.514852 0.550926 0.928218 0.445365
0 0.503906 0.778057 0.973437 0.336683 0.281753
0 0.25625 0.482412 0.484375 0.924623 0.906084
0 0.503906 0.778057 0.973437 0.336683 0.281753
0 0.25625 0.482412 0.484375 0.924623 0.906084
0 0.503906 0.778057 0.973437 0.336683 0.281753
0 0.25625 0.482412 0.484375 0.924623 0.906084
0 0.503906 0.778057 0.973437 0.336683 0.281753
0 0.25625 0.482412 0.484375 0.924623 0.906084
0 0.503906 0.778057 0.973437 0.336683 0.281753
0 0.25625 0.482412 0.484375 0.924623 0.906084
0 0.503906 0.778057 0.973437 0.336683 0.281753
0 0.25625 0.482412 0.484375 0.924623 0.906084
0 0.503906 0.778057 0.973437 0.336683 0.281753
0 0.25625 0.482412 0.484375 0.924623 0.906084
0 0.503906 0.778057 0.973437 0.336683 0.281753
0 0.25625 0.482412 0.484375 0.924623 0.906084
0 0.503906 0.778057 0.973437 0.336683 0.281753
0 0.25625 0.482412 0.484375 0.924623 0.906084
0 0.503906 0.778057 0.973437 0.336683 0.281753
0 0.25625 0.482412 0.484375 0.924623 0.906084
0 0.962 0.886103 0.074 0.0673352 0.279932
0 0.448 0.562321 0.886 0.657593 0.947122
0 0.962 0.886103 0.074 0.0673352 0.279932
0 0.448 0.562321 0.886 0.657593 0.947122
0 0.962 0.886103 0.074 0.0673352 0.279932
0 0.448 0.562321 0.886 0.657593 0.947122
0 0.962 0.886103 0.074 0.0673352 0.279932
0 0.448 0.562321 0.886 0.657593 0.947122
0 0.962 0.886103 0.074 0.0673352 0.279932
0 0.448 0.562321 0.886 0.657593 0.947122
0 0.962 0.886103 0.074 0.0673352 0.279932
0 0.448 0.562321 0.886 0.657593 0.947122
0 0.962 0.886103 0.074 0.0673352 0.279932
0 0.448 0.562321 0.886 0.657593 0.947122
0 0.962 0.886103 0.074 0.0673352 0.279932
0 0.448 0.562321 0.886 0.657593 0.947122
0 0.962 0.886103 0.074 0.0673352 0.279932
0 0.448 0.562321 0.886 0.657593 0.947122
0 0.503906 0.778057 0.973437 0.336683 0.281753
0 0.25625 0.482412 0.484375 0.924623 0.906084
0 0.503906 0.778057 0.973437 0.336683 0.281753
0 0.25625 0.482412 0.484375 0.924623 0.906084
0 0.503906 0.778057 0.973437 0.336683 0.281753
0 0.25625 0.482412 0.484375 0.924623 0.906084
0 0.503906 0.778057 0.973437 0.336683 0.281753
0 0.25625 0.482412 0.484375 0.924623 0.906084
0 0.503906 0.778057 0.973437 0.336683 0.281753
0 0.25625 0.482412 0.484375 0.924623 0.906084
0 0.503906 0.778057 0.973437 0.336683 0.281753
0 0.25625 0.482412 0.484375 0.924623 0.906084
0 0.503906 0.778057 0.973437 0.336683 0.281753
0 0.25625 0.482412 0.484375 0.924623 0.906084
0 0.503906 0.778057 0.973437 0.336683 0.281753
0 0.25625 0.482412 0.484375 0.924623 0.906084
0 0.503906 0.778057 0.973437 0.336683 0.281753
0 0.25625 0.482412 0.484375 0.924623 0.906084
0 0.503906 0.778057 0.973437 0.336683 0.281753
0 0.25625 0.482412 0.484375 0.924623 0.906084
0 0.503906 0.778057 0.973437 0.336683 0.281753
0 0.25625 0.482412 0.484375 0.924623 0.906084
0 0.503906 0.778057 0.973437 0.336683 0.281753
0 0.25625 0.482412 0.484375 0.924623 0.906084
0 0.503906 0.778057 0.973437 0.336683 0.281753
0 0.25625 0.482412 0.484375 0.924623 0.906084
0 0.503906 0.778057 0.973437 0.336683 0.281753
0 0.25625 0.482412 0.484375 0.924623 0.906084
0 0.503906 0.778057 0.973437 0.336683 0.281753
0 0.25625 0.482412 0.484375 0.924623 0.906084
0 0.503906 0.778057 0.973437 0.336683 0.281753
0 0.25625 0.482412 0.484375 0.924623 0.906084
0 0.503906 0.778057 0.973437 0.336683 0.281753
0 0.25625 0.482412 0.484375 0.924623 0.906084
0 0.503906 0.778057 0.973437 0.336683 0.281753
0 0.25625 0.482412 0.484375 0.924623 0.906084
0 0.503906 0.778057 0.973437 0.336683 0.281753
0 0.25625 0.482412 0.484375 0.924623 0.906084
0 0.503906 0.778057 0.973437 0.336683 0.281753
0 0.25625 0.482412 0.484375 0.924623 0.906084
0 0.503906 0.778057 0.973437 0.336683 0.281753
0 0.25625 0.482412 0.484375 0.924623 0.906084
0 0.503906 0.778057 0.973437 0.336683 0.281753
0 0.25625 0.482412 0.484375 0.924623 0.906084
0 0.503906 0.778057 0.973437 0.336683 0.281753
0 0.25625 0.482412 0.484375 0.924623 0.906084
0 0.503906 0.778057 0.973437 0.336683 0.281753
0 0.25625 0.482412 0.484375 0.924623 0.906084
0 0.503906 0.778057 0.973437 0.336683 0.281753
0 0.25625 0.482412 0.484375 0.924623 0.906084
0 0.503906 0.778057 0.973437 0.336683 0.281753
0 0.25625 0.482412 0.484375 0.924623 0.906084
0 0.503906 0.778057 0.973437 0.336683 0.281753
0 0.25625 0.482412 0.484375 0.924623 0.906084
0 0.503906 0.778057 0.973437 0.336683 0.281753
0 0.25625 0.482412 0.484375 0.924623 0.906084
0 0.503906 0.778057 0.973437 0.336683 0.281753
0 0.25625 0.482412 0.484375 0.924623 0.906084
0 0.503906 0.778057 0.973437 0.336683 0.281753
0 0.25625 0.482412 0.484375 0.924623 0.906084
0 0.503906 0.778057 0.973437 0.336683 0.281753
0 0.25625 0.482412 0.484375 0.924623 0.906084
0 0.503906 0.778057 0.973437 0.336683 0.281753
0 0.25625 0.482412 0.484375 0.924623 0.906084
0 0.503906 0.778057 0.973437 0.336683 0.281753
0 0.25625 0.482412 0.484375 0.924623 0.906084
0 0.503906 0.778057 0.973437 0.336683 0.281753
0 0.25625 0.482412 0.484375 0.924623 0.906084
0 0.503906 0.778057 0.973437 0.336683 0.281753
0 0.25625 0.482412 0.484375 0.924623 0.906084
0 0.503906 0.778057 0.973437 0.336683 0.281753
0 0.25625 0.482412 0.484375 0.924623 0.906084
0 0.503906 0.778057 0.973437 0.336683 0.281753
0 0.25625 0.482412 0.484375 0.924623 0.906084
0 0.503906 0.778057 0.973437 0.336683 0.281753
0 0.25625 0.482412 0.484375 0.924623 0.906084
0 0.503906 0.778057 0.973437 0.336683 0.281753
0 0.25625 0.482412 0.484375 0.924623 0.906084
0 0.503906 0.778057 0.973437 0.336683 0.281753
0 0.25625 0.482412 0.484375 0.924623 0.906084
0 0.503906 0.778057 0.973437 0.336683 0.281753
0 0.25625 0.482412 0.484375 0.924623 0.906084
0 0.503906 0.778057 0.973437 0.336683 0.281753
0 0.25625 0.482412 0.484375 0.924623 0.906084
0 0.503906 0.778057 0.973437 0.336683 0.281753
0 0.25625 0.482412 0.484375 0.924623 0.906084
0 0.503906 0.778057 0.973437 0.336683 0.281753
0 0.25625 0.482412 0.484375 0.924623 0.906084
0 0.503906 0.778057 0.973437 0.336683 0.281753
0 0.25625 0.482412 0.484375 0.924623 0.906084
0 0.503906 0.778057 0.973437 0.336683 0.281753
0 0.25625 0.482412 0.484375 0.924623 0.906084
0 0.503906 0.778057 0.973437 0.336683 0.281753
0 0.25625 0.482412 0.484375 0.924623 0.906084
0 0.503906 0.778057 0.973437 0.336683 0.281753
0 0.25625 0.482412 0.484375 0.924623 0.906084
0 0.503906 0.778057 0.973437 0.336683 0.281753
0 0.25625 0.482412 0.484375 0.924623 0.906084
0 0.503906 0.778057 0.973437 0.336683 0.281753
0 0.25625 0.482412 0.484375 0.924623 0.906084
0 0.503906 0.778057 0.973437 0.336683 0.281753
0 0.25625 0.482412 0.484375 0.924623 0.906084
0 0.503906 0.778057 0.973437 0.336683 0.281753
0 0.25625 0.482412 0.484375 0.924623 0.906084
0 0.503906 0.778057 0.973437 0.336683 0.281753
0 0.25625 0.482412 0.484375 0.924623 0.906084
0 0.503906 0.778057 0.973437 0.336683 0.281753
0 0.25625 0.482412 0.484375 0.924623 0.906084
0 0.503906 0.778057 0.973437 0.336683 0.281753
0 0.25625 0.482412 0.484375 0.924623 0.906084
0 0.282389 0.523926 0.560221 0.699544 0.693808
0 0.282389 0.523926 0.560221 0.699544 0.693808
0 0.0528226 0.93553 0.0266129 0.0601719 0.442989
0 0.633468 0.51361 0.733065 0.964183 0.65134
0 0.214113 0.745702 0.0701613 0.219198 0.651604
0 0.0935484 0.913324 0.0241935 0.0816619 0.753047
